bloom_days,first_bloom_days
31,3678
